9921883558,
9931032283,
9398668998,
9013914702,
9308499715,
9020060199,
9113283097,
9167972967,
9379055291,
9053970906,
9392309574,
9925803029,
9152497066,
9165691446,
9382920033,
9923950078,
9179131557,
9146347098,
9036788870,
9151596001,
9011772088,
9141090436,
9177873062,
9127511277,
9121975429,
9376716007,
9059862753,
9143320473,
9921448705,
9129676755,
9032220040,
9153148005,
9367108856,
9190787320,
9351987899,
9397143970,
9192478527,
9152888563,
9018393602,
9014486826,
9118147661,
9197803576,
9372589698,
9141149281,
9361954908,
9106441614,
9100911394,
9142442896,
9129594287,
9912206722,
9113869728,
9022016462,
9914728002,
9903892410,
9051434579,
9111392800,
9014287687,
9135080619,
9021832637,
9911502347,
9915541933,
9009251105,
9177897863,
9965559441,
9022688608,
9055431223,
9336063417,
9220678618,
9356029950,
9391358272,
9046572928,
9022110075,
9118373932,
9383795303,
9152888263,
9100127879,
9159200269,
9130500368,
9911182380,
9019234458,
9211368560,
9192138990,
9136400103,
9059820037,
9379582300,
9036411225,
9337945493,
9156955639,
9153380796,
9163012446,
9389896240,
9332961878,
9381482126,
9331333700,
9168513108,
9137533407,
9023144909,
9920748423,
9169166375,