09921883558
09931032283
09398668998
09013914702
09308499715
09020060199
09113283097
09167972967
09379055291
09053970906
09392309574
09925803029
09152497066
09165691446
09382920033
09923950078
09179131557
09146347098
09036788870
09151596001
09011772088
09141090436
09177873062
09127511277
09121975429
09376716007
09059862753
09143320473
09921448705
09129676755
09032220040
09153148005
09367108856
09190787320
09351987899
09397143970
09192478527
09152888563
09018393602
09014486826
09118147661
09197803576
09372589698
09141149281
09361954908
09106441614
09100911394
09142442896
09129594287
09912206722
09113869728
09022016462
09914728002
09903892410
09051434579
09111392800
09014287687
09135080619
09021832637
09911502347
09915541933
09009251105
09177897863
09965559441
09022688608
09055431223
09336063417
09220678618
09356029950
09391358272
09046572928
09022110075
09118373932
09383795303
09152888263
09100127879
09159200269
09130500368
09911182380
09019234458
09211368560
09192138990
09136400103
09059820037
09379582300
09036411225
09337945493
09156955639
09153380796
09163012446
09389896240
09332961878
09381482126
09331333700
09168513108
09137533407
09023144909
09920748423
09169166375